58499
56109
57871
56029
59081
57108
58372
58015
57506
58805
58149
50918
49003
45689
41692
51375
39788
49948
43309
57582
45672
2711
46742
58723
52926
54541
36432
53379
36499
51661
37260
36148
35850
35447
36891
35762
43542
35939
36448
56052
51023
58504
57075
59036
36859
33704
39028
4009
34692
32839
27278
27774
40008
41683
42330
42514
42521
42594
42665
44195
45304
48379
48509
49022
49361
51148
51330
51356
53906
55418
55463
55513
55927
55954
55962
55975
59310
59623
59811
59825
59959
60249
60284
60328
60342
60346
60353
60386
60420
60439
60492
60515
60536
60556
60577
60629
60689
61638
62042
59899
35835
37511
39760
40868
41447
44907
45677
50485
50546
61317
62021
35797
35966
36416
36425
37170
37216
37225
37407
37527
37583
37603
37630
38844
39577
43452
44460
52765
54957
55347
59337
59708
59909
